signature_index,prediction
7f9ee50e25fa75af6e7ab7973eb83563,1042.2475513997824
5baaa702666622259d03df3e83a41608,1051.7206907663704
ea08036100eef912627240cbe20032cc,1042.3657134443922
7b7e93d8414ec5efacd3d2c8a228d7ab,1771.6977478152123
cf87c067464d24a3e0698c705b238b43,2446.6395240295037
d33b0f7d7f18c846ae2497e5a5c2baad,2406.734485521053
d158b78d6db968893870b8cd1f89b647,2325.605779365127
eabed802c0a44b2f047df96b06da319f,2683.570032139247
d05527df469913c92c5228fa2e363895,2666.267820813084
c499159d9cc5f0c5ee58996da2cc253c,1998.875140694078
cfa9de6eb9b1df28cb1dca7e2b960ded,1909.0847610434332
370d04783825fc8725bac55a48c59f5e,1874.7409788583307
e4034be4941ac487905fc8720ac84073,2455.6256909121985
636c9984d77cc893ae697307be420eab,2499.861955092223
c2a626c3ecd475149c3c47475ef3bd17,1934.3047056251175
fcbeba66782064baf82c8d9d617b755c,1657.3456319031204
c31e0d1efebb388afda614f71a6f1d02,1669.6877733188824
1268f84a2b6f3034ec066f7811472e23,1442.0608928143943
fedd5cf56f61fb80a3197c1d61d13499,3773.2682548758617
b02be499e70eb98ce32a9b76ace6802d,3772.878451503379
b9a86d286c3907fca3feedfbed561b0c,3713.9428966718983
3812a987368d6cdf4baa94d956776942,2438.4806580917566
dd314c06e90f75b1c686717ec71debbe,2448.422354495353
674a89e6d110833bf9f7f3d6a6c92fb9,2411.0585848932096
ac34c88f7d3eb5de37b5247a12e97a09,5074.118380403965
5c32489c0f6160cda5807401fb9b2e13,5152.3081855353485
6e0139a7e5978991af1dafc0a75c8de4,3139.769034858157
aa689bdaee4ac4dcf3576fa780c05498,3392.1308778473303
eef5b2b598fb842b81a90703c6200a5e,2812.2660820550145
c8e5e78436588be7f24d1b2491f78d24,1193.649796120711
7004d9e0d3459c1d91540b612582aaba,1185.5814797907105
1bed2a96e47d253c83950d7602a807d7,4650.390316205165
2f3a2e065eef3427d3368d41f97ca170,4673.791305714759
58753a968b8837e75b54a32616f28cad,4501.93467158541
1c2f7abe22fa863022aa6c0dffb21bf3,1203.2421883700447
900ab30711ba1dedb3da3bbecff597ce,1209.4564353531441
5f6e015e75f45036e8f87445e93f8514,1206.6972012166111
f4066381c9ad7608d46819317e583e14,3191.996173786424
2a4d543f01054c1469aaf005febc3b03,2608.062342876836
e10a7eeb32cfc2f4648e12f44e3de4ab,3336.633424198138
2d33e892ea597e3ac2e0c0bc89b744e8,3258.726416634594
88757a487e2eb594b963c8194999c7f1,1778.2995555084963
cc1ce5a0611265f320a1e628dfae87a8,1753.3715092048358
536806f3e5790ff90e6a9c4cc09f34a8,1800.2006048078242
b85fc00bfd590667cc1255181d857dac,1627.3662135632092
ad2e7afe31f0b2df9c0165f5b7f3f87a,1380.321488383844
191d83ada4a18dd8ad4bd1cdaa4cbe7d,1472.6421241424391
bed844ca30ae53954b6296b3d05ff977,1533.195783027239
3949bcc35be947725d4347ca1646a9d3,1666.6697200767144
0083e404490d5455b00dae46304d1a70,1639.3449516601318
dfd10929f1b37b3e4143bf98f19a6367,1844.7192898913424
9dcd90f07751d1a18d72db93cda1918a,1810.0055393150412
4fad22a44dd2662f5700ac6e36734a13,1706.638294865976
7019103eaf5d3c67466464cff77dfe58,1697.8636283711362
4e3b798aa42299f93468febbb59a3de1,1718.6328912036054
12d1894d1d1a5781fc2ac82b4e80f8dd,3149.5253150304966
d40a14f58150f5d57ee71cceefc691b3,2733.3437260465635
21fc599cc1ea34f3bfc1e3a5a63c8735,2549.678953400462
bb10af151cc3cbaa0f57ff417377a927,2135.327785966271
90c6ef4ef14f9621e57b459a92182256,2205.2776089779795
7c8178f837b703c47f7845a5f827765d,2175.8981436798263
8950c342d5274d1d35e0a2435f5dedfd,2511.980219321087
69da2771003e37f8c10e3050adcb2533,2430.2597238637354
ff80493a61b95c76553f74576c66440c,2440.8279611420703
4f4d1474014d883ef6078a6fd6729059,2684.865790080333
8004c128bb8b3ee6c3608fa4103f55a0,2024.1341624275944
b7f1f30a84174389332e506b97a51904,2168.2065213170904
c9eb74cd8aba1ae59695f23cdec099de,850.6271604826129
155e8d0807e71ff432903762c79d3249,2502.8044709862206
5b339466357c67bcc038a5a53423e723,2407.8645625637832
b32407a412225c2ee5862da96da69a92,2359.787625689879
99cbccda5b53da70a8e7fcaf421cfceb,2164.8475137236546
53782092338129d1d1e5900eba88fd32,2191.9063278237663
c0e375ad9468638e17f0acb436adb94b,2074.4631716728354
466581e26e105865f875e17d3720c8e9,1242.6787533479549
8643bb483067151a4693dfcf69c6ca0a,1081.4186489372225
7cda19d584663f523517a252ff498d91,7488.449950236695
4c223f112778b6b1398f7e455d9f0b62,2052.245539407355
c495cf1bc9c1dd26f353b0f6f2bfb98e,2108.765701149585
d65af00ffb90cfb80580571272e83330,2104.990366810358
66799fdffb7f3e7c404573a34f12c02e,3943.164663867301
d4047b1a69836745ba9af44fad5ac707,3944.217034942202
5a40d1527ba3e78ebf032c3323bcf9b2,3891.8940610682266
b5f68ff1f4c9848f7c2b085c2e7c6647,1200.1290947945447
7a9112cd1aeeb13057f679bdd01ae0aa,1202.5386329465964
9e670eb75d287dd28ea816ae451e8c28,2291.389910522813
3872bc5c91057d5318e8abe9c2047e43,2324.0146704612007
ebae31c465f1ce173b1cd0d37f67a25f,2414.1436263578507
513e77a32ac5f1e930b6cb05fbe48608,3263.2056387901007
980ca6e758abe58c07a7b0c6138a69d2,3276.481940237294
b9f713854a98f340f636bc42ab308a72,3254.5255464620577
a702484d1a2893d430bb9c2ebc92424f,3984.2857163679405
9c16cba21edb444299f3ecda21eb07fc,3738.101531693167
2f02942ea0272a55732fcbc641da43dd,3816.9917353697115
760fd3d73b6bd64608b4337aece6900f,1202.3219451041252
39eeb5c83d14bef516f2fc258755e96e,1362.2979761860286
6c121daea295f422221699e3cccdaea7,1355.3486272710268
57052931bf2067105cb8edae2bd093b0,1001.392229417551
087af50af04a4aa047c2ddee1a253502,983.0709498018322
6d0fd4dcb6586c3c9f7774b7954fe49d,1687.9512491404057
986f02d4f80e41b53f346a4f9025dd6b,1726.3522387678852
723bd7edff39345bea961ef3927ecbcb,1713.5096245029947
e946fb1df2d32bfc77ef904e728b455e,1681.2220446027268
96ae714259eb3bd3ab413215cbbb6794,2367.865101089661
bdd1fb51e648a71550bd48f7232e9bee,2219.789804267469
0999c8db3b5d3a2c0347c5f42fca9d60,2191.940340745114
70c56165bafae52a55adeeb02470a9b6,3279.1621412593295
86feccdbc9b4933ba62ad6db63c7bf66,3235.702093119518
a3a44ba6c8d043757d0366d9ffbbc964,1934.11031738002
fc61d8b9a630efcdeb3cd319becdb5d9,1692.84889388998
be2bd3f77dce7048f63f3c665bcf6833,1430.1540721557215
ba09a56e1907b81af3f7c7932a835416,1428.3867564816044
729d38c88d6cc9c9e932526c78f294ec,1446.619152736055
6749722bd9635f036acb259645510432,3902.0402975983825
fe884df708db5384b49c67084e021298,4132.936524813574
0c8e474e3cc484085a60f1efe9f76602,1794.4391515876143
48303b11fe7d4e2bbe52313efa1e4656,1804.6820230818034
d808276d97b667c96e9ec79aa7e9c192,2199.838459163656
c1aa65cf58587fedb053c6b1610fc577,2204.665980353358
4fa380f5550c4d926bf12abbbce7a89f,1593.0554125184535
4aa969c020188fd2484ced37b67fb728,1796.5338056164273
d9055ce10d4bb13ca68d46d07bd109a2,1774.7193680561204
5ac190dfed5256fd378d402b9ae681dd,1460.8207859453819
7db52bbb782b28b9f50fa4176e5d0ea7,1453.8426203460251
7a57a3299066113b0ad011b553a96e1a,1412.7031292371216
8109ac9393fee231f296cc102889a71f,1648.5261366859202
a0289667e4bdff2f023fc5c96b9dcb95,1642.925771111192
b988d59e5c7e8b1e2545f381975379ed,1459.826858258978
7f42e06f8bca3e66a5c3756e8cc13e08,2194.7547132291224
613b20194fbcfef68f06595fef5d9961,2176.0215620646563
6c99d831f4c7a93259e922f548fd8c0c,2170.7648786413993
0a69fcaf737a3fa9af49f20cda269263,2874.179813601565
c7d019dc6550fc559cf96b46dec78780,2855.334102932782
ac51b455a5abee002e1383d57fb546ab,2831.621707282612
5b23cb872d8648fba96b7577f3842d42,1251.4286472108133
1b0747e455e4ac57b88cc712752018aa,1332.8070133805684
45c2fa698b80e4e357acee5dfdced507,1318.4978167251538
bfeed636105ff7ec1f795c221e2a0fb3,1235.6416027973878
fe6a412a96aada80272e475e584a6a58,1093.034962396016
0f81292de0aee6c46c809497138d6be2,849.7925294528764
f8647bddddedf5b0b1c284e61747decb,2074.322033156675
85e59b2cad495760f01396b3aa9d911a,2098.304065940312
25f2b3c06db6184d9c246aabb08286ac,2127.5136075798373
98e2acb380efcc3c9731d0e7aaaf8461,2125.4601641432664
80c1248685df019326b79d87b77346a4,2178.261438413762
a23016585035beb7da76b98439a6ebda,2147.874368733801
2addb5bcc538d7c9f838c0bed8bc6ef5,1404.4563866997637
f51ca2c3ca11c6ee93f609721bb1d0f3,1431.951387652191
b34a6354d86af05503a7b3dbf460c895,1346.427472725865
3595f8f91f52a11e22e3ed5dea94ad0b,2171.2530851060696
d18c845ad968d91093a328dbe88671f2,1936.6750695283229
011711b9954d157b3d9c2d1340cf808d,2135.291364410559
deb2ff03d400f191ded891091f5da938,2165.4602889083026
6cc5cc6539627bd05ea48768cfa982e8,2103.410364489254
dd433cce3f7b03a4f117ca7e6c007058,829.464919383281
25a8d3184f04fb7daf3f714212a71cd5,839.4369710714351
4d8275f04959f7996fc15db1e835c6a3,823.6922501661531
c8220bb4cd10ed166e5a38ab363f3f16,1747.8220846651561
5474ce113dd831f2698c5173cfb6f557,2005.5130441581707
a018a198a5b84d3c97178778d21778bf,2064.032509142004
9d2a0baa3c907768c60feaaab8ea1515,2039.2790481443637
9a0f4b23fdf079cdf41ca3c2719e9626,2017.3173461182478
7d0712460454b5cc2cdc46c52218fba6,1968.473836172997
80ece9d498e40b03dc63bb46472cdc6a,2076.393261915413
2c233f5f2b1deb35d63647c1db3bfc13,2406.9097575587175
8415b84adf437a1761754f93f64dc59b,2490.663655537355
861efc578dcde000667d8fb534b66565,2290.503542642714
df53ef0b7d528d4fcae3ba52a59bf649,2314.726148279507
b8ac2c9cae57f41022c10823ee0ed3c5,2310.5621999622185
309194095ff317e379fbfd5dddcc88c4,2154.8113578073867
ae7c7180f6dc61a05c88ed20dea50969,2120.431888214734
42223d45e9e481c43737bab98f78ce83,2102.030355751885
4458901235e8caf385d5a99546d961a1,1599.405816727819
6053b298867879788c967841f59e2aa1,2376.6199141852558
5e2cab0340f1e95289b9cb5634d01079,2425.45600740602
1cf0f47ae401b44ff17a5e5465886e0d,2166.4498645974545
5c2330df937dc2bf3f6111ddb2e4fd73,1626.4284365623566
5f14b8190d7fd1be0367f899a95073e5,1743.8374027217817
6e88bc6059e5d4b50b82e133d6aded03,1711.7261388657291
fdc99953b08cad83e375a1caadc6a059,2582.1321370362302
986d592296a14b1a50827332c748bfd0,2568.1466099540276
093200ec3bb793e7f91908461c2baeb9,2633.176333792305
60b867cbc3028baf83d8c05c4d2c945a,2105.8121373962804
3fa157710318a573d9317b82ceb87a36,2339.084850630432
d5abf44e1ade2e5dafa820c6b74b58a7,1428.6270382169864
34810c54cfc6bcb6a3adf36887d12acf,1451.4595832142866
0acded240b1b31125b4c3e7976e00315,1414.189840834094
02a32eeca86027cdded4534d4020eacc,1742.525793241492
7b5cad93ad26b599e3e6cbf9ea0b0e2a,1076.9645668417618
ca3211636630f51d8bb463ac6101bfc4,1072.419121463202
592379610232c66c901358d4d8e88a87,1114.03029819029
3291d700d69f310a5d37c5ffce4fb96e,1450.2267043481647
a63ad7e6c309be85df39b499d765586b,1435.725008400934
e43d45af13777e387bd266f94b885ea8,2217.3079519247176
625060ef88b9cb335c882d1ed2c12cf7,2185.01398384064
56d1f6fe3e2ebb8360e18b5cd22ee79d,2121.162286360888
21edd762bad669b2483cb17cce734c4d,2168.070899620296
443ff10313414ef7b63a327c6b885c7b,2232.7786962388595
13d7a2279df934ef0d411e9656e32572,2506.2457042555225
b148e1c03a1c05a1f6d8db7317b47c05,2550.452105529819
465808774df9e935835faf966eff78ef,2112.6030379826498
25d9465d0c381a9427bf46c3bdd23cb7,2018.713972352078
a1f418ebef23ed70b41aab808752c84f,2061.8343602212667
eb753f1f2737c6b4ae736abd6dc42f44,2078.918015660153
785a37800ade311b9c53acbf6af99783,969.1550169821066
41cdb6859a320f7cef3edb94f8efd4f7,976.9762375831258
fdfc8167fc0b1bc9d7af7e0cfe0e2b6b,967.5589225814065
ea1478ffcb45eb2f3fbebe4b8e70b252,2404.135190618146
f2dc053800c9cd73cc55c86a28b64b47,2656.2074289330317
605e7df2619e036d5c81df691c362f37,2727.5859055858227
a65d060c0376de38535d766c34aa3819,2524.3560815102805
44b29773a0ac3aa0b6118032fa214d78,2589.62639266905
b9cc4928e2b525a6b2aeb9952d058006,2558.5955844504815
d5739c1949dda01afcfa1a5214a61676,1347.9701004892627
8d601a5170650263e76f9ea2248b6e56,1344.855600860974
226e4358063286aef5704830f4e4c87d,1262.9999945274471
480a0086e637aa95b72b3e856034b2c6,1253.834857586393
598004e7bce5e072a656ea15d9ef03db,1240.3119594112861
7710c271911e753f3564b70f791988cd,2406.5902344916867
42373d400782fcc8663cddf095cba4aa,2647.7449066320473
d4fa1eecf47f34e83bd2fb1da0d8f365,2681.003157049054
40e66c0bf4b10733cc7c67817ca8f89c,3733.644872972477
f01796a60c050109df55e9202f4a6da3,4062.2023088051587
f338b26a50335ab89e03944afeb350eb,4970.906337515446
fe21a8084d2ff223051647764669078a,2799.2548454569405
99175286193458948cfddbb2db4cc833,2828.455661368908
a80164f0d3de443ba5c42b042332d04c,2374.318311360635
0cceab7e3f8282fd86c93174385ceacb,2441.4607975193353
157fcff0fbeee179494434a152f87157,2163.506596556089
828fdca49954c4be792bf0a562d6ea68,1069.4943693037624
59181ae660cc59649c59b60fe8cae89c,1070.472087225937
f9e3b84ec8c45ec40692f88c54b17083,1067.3780307968445
7999d82dab56dbe5e7ae4312174cfcc1,1934.3139228561479
2707b9e6d04b136e9488a536bcef0200,1792.906622945965
9f150c1ebf4a64b71f4924e6abcab547,1859.6059811493128
fb7c0ef999bae6979aac96f4606c9027,2469.5069599992376
970e6779a143c437e4697a5ceb9084a2,2565.258899450137
a8ce2256aa26175544c98bf002c6ba57,2302.7926838886274
23af5fd2e9dca64489fac3fc5308a04d,1740.6417975187878
50bf368ce6127f3baf4d8e4d2fb53fba,1857.4187310371515
ff5123c57f711c406496cb1cdd9bc2a6,1850.320161838757
d8084c385e2cbada322108e5bd24588b,2256.23734133986
48d245d527727436beb88813bd15e488,2228.92812371255
3b70f5953b1a0de25384e2f4dddf56ca,2200.193084903133
058fdd9eb1dd2e66b0b5896aef06703b,1544.588560755546
e842a628be9a8655a88c7824070aa7b6,1458.1076589447416
fca23bec2fc714d10c0523ffe9405114,2326.2414731629706
f91bd8a521805214cb27d816262d40fe,2434.3180778147316
e9ba040b1921b0072cf03fc23a00b9b1,2462.558071923133
cfbe64bf4a680e35e70d19c7527c3754,1412.8471886481757
5ec5d64b26430e0e10464dd9da0bb100,1417.2110361353077
a78a6a1d030431b177e340341b7098b0,1398.2225301412661
adb9eb4cb5e4989f9fd925193a6cf170,3854.3078557904305
dec79338d8b0856d8b65af21e1917481,3838.9508263000052
4338c460b6c2e375b2d8dd48c92df91a,3863.8468675724616
0db7f8626512d76048332a7742d73b92,328.5248306095185
4eaf0ac5652f70b93f65814a433a145b,356.9377629682029
a1feda057b728cb4b98c741f01a77f18,365.5644415303679
61fd2813c357b0d8de593bf8c8db25b8,1683.0300682533948
00ab8d3d2fcf542ca4af8a00be86aaaf,1666.381273852654
3db6add166f07a3cf3735d01f6035dcf,1707.325697155422
5c9dcfa3623dba24f0920b5f326eb1be,2372.2576299586813
595121b278563240e870ccb2459311dd,2371.0090791432985
0979c7d0500855bd6ecff9f657229cc5,2358.6507645195975
a9c25cf4cf09208db6d311afe591d6df,1075.1735839802568
a8c5199fd5269c027d0e76f81f2015f3,1063.9681778263594
892832772cb0be27cbc98cfba491d092,1055.2268520377522
6c44cdf5080b75442a12c8764da804e4,1683.685932861066
1903b41640e857aefa6cad9d1f14fe79,1664.1711832704282
eb7d8c09a7b28774fefc011513226732,1618.3526129352758
be34e25c032a3b74c77be83bd68afeb6,1894.8863566579062
2d06d884352cea3acbee67b8be713d4c,1921.600959864161
12110f572b61685e9a66f5b20916e4da,1878.887460223784
4910b5aa3ec3cc5996d2bdf2aae0ef67,2905.5320541365327
da220c03d98fb9dddbe0179e3e554bf8,2815.1174112969234
b303e953e6d0f3ce95910c46666fda3f,2772.843748563707
478eefff2116beaa88c20b2e910728f3,10118.633549150141
5ca9d553025d1d71c27ea93898bd3357,11049.76692616204
e8928cfd9038c3da74b932a4a01ff053,10805.00738351208
ea44d9167dc068b0c2a06baa20f32073,1730.9434136043594
dff4a542e5660f15d94cfab518307f76,1707.3849226301445
5d41ede1cbc069355763ecd65e44f939,1692.331111137742
e126e37e54e89b8b669fba58441ce444,1577.4558040892207
c66192967888e0f53a239702f74d2daf,1600.7061327914755
e4d0308a10202269519e2c470edd4f60,1590.9280860527472
7e583042eaf51b28f443cb732823f8b9,2208.455978790898
7631c5f57b632cca7dc2b088aaee409d,2232.5588310145313
6c22cc2873b18cc6aa1f21adcfe5c050,2203.3748965374407
a7b4ffda0bc30ebd3958f84d483633f6,2324.27093232597
18a255658edeb9b1262c2151ba23b887,2310.45466415247
0b0ac3e2d25d39125f227f32ddea515c,1859.4701522479781
3bd55d46818d652320af7e9201b64135,1798.189595775392
df28945b30cb990aad8c49fa61f880f8,1626.588580026742
cf8aabbb222bc49f6f260b1e13b46591,657.4861610561028
cc86c9688a69b740e94c817ce1a90a64,658.950369534776
563406496d78f7967f4ebe03716ce21c,646.3888446513056
fdc7351d1725632f038d3d6bcb93458d,1170.2294204693044
a354472a2d06bf3ad53a409b6c6d1abc,1102.7919726944683
8aa32b71218c9bdaa8323281d0828de8,3145.54555195875
0b1ee2b21542120a9bc99e931ed3b908,3010.466288267577
9b252ba9727a83244fb0461a2ee42b06,3121.5619028808087
67c836faddcbd07c34461b766473b430,2451.79239484683
7178f6dfe46cd5cc861ed1ac5beb7890,2437.088083869437
b4eb3456c035cb5e6aa58d72705df893,2417.210417800659
b2d9532aac6d8a5de899e66470d74247,1886.8878442574103
f38dccfdfb1c2d0382dab001d95e26a1,1706.6890785847274
98da6c33ad037787dc2a873081487305,1847.6413192340317
712abb9b0e958a668e8c69bbe11dd08f,1176.1930312572244
92bd9c6b6b1b91c737dc86767eeba4cf,1187.476181735966
8461fd21c80266085fcc61a5db926c21,1185.74466646525
5c9585648b28a88587ec5c47631a534d,1001.9754178874009
afc83e92014c9289334aaeb37bfd607e,990.7108025259926
28d20ead91280339331818d7a15e06b3,991.3761557970136
92b266551c400cecd4e53ee2c3d5c559,2816.766901074969
73e6aeebb0c438124359fd2d2db54b6f,2921.9394378158117
63edc35fa196782e0f928e99c3cfa06b,2902.068198784476
b95765a2b4148097b490ba84356f9d7c,1432.022062201156
833fd3a792ebdb1480b8bf49b0650cf0,2010.2952538408135
e5873ec8ad6c7f3753ed7d6b9e52745d,2352.752504845654
aa03756e43f1fa353cee158233e13bf6,2235.745534760934
1378355e10f7a3d6fb8ec358974c2ea4,2445.7411542923533
fc2b94326cdaaa5faede0c9003e0f59f,1528.24271073505
0278633ef460ca0fd8ecc5beb2c1d9ff,1526.5467987363008
aecdf9b360e1e326f6c233056f2eb783,1518.6882765869705
3d24a6f811c26cfc19a0b0fcd873b0e1,1610.141744876675
b32e8d40c9483b8d90bb7d59e5f6672c,1616.1968983792026
b5bb6f5c477a758fb501b780a31561a7,1593.4697674061651
2a93a9af68f209ca6cbdf4a02686b9d7,4097.411138409409
6fb9bdf0751a3b425821fe4934d3637d,4226.162421870616
0dfb22af44b7b7ac911917792185a18f,4260.632777418372
8ceee45b6a1596148f7fdeea6477c36c,1065.1544056558728
a9e076026d470c0b993e9454c95007ec,1140.3527809849295
64cf4370cb36c35099863e1a2d08e592,2267.814304335037
7a5bf1e414b79cba1d84fdf4ec84c686,2257.4490247114304
7a120342553763247edb7aa9c80f0428,2227.7685742572025
f0f3471ef4a29d6c7369a0d4113d9d83,3295.3216368321196
566b4ff5f7a995b2dc3db91913c4bb14,3306.440659959729
768692df63f9f09bf146d950fee746fb,1530.6251904035632
1091a7f85016e2461a41700cfd108bcc,1513.2602543969947
02237fe8c86abfc776d4a3cbc4510ab4,1502.6250927335477
fd79bc9acdc5a9e986729de1aadedd24,3315.858984757275
181a0e56071c1899a3cfdf34a8f3693d,3293.367771215137
fe234738f4e4af23ceb0f5f5b740654b,3233.710419366794
f19556a03591b787d64a0940c45f7215,1714.9184626356093
e84a68422de96ddc5fecdf1f0808dd66,1714.2322602854206
ebac2169b6b6ecad2994c94be32336ca,1668.5538622867311
2840a0f2b75973ab5c82592a91ef2bbf,1926.0204872003635
4b1bc52acad77d5a17fe47fa41fc8c6a,1947.9103072877274
e3d92a360d00a674322976cd3614441d,1767.6833292158774
74a0ecf6115b40c024fd2d6141196d92,1744.6096268016713
183d0030b0fa814e5e0b30f8613e5a52,2399.2371963388973
49e4d555ad353b6e4e55f58234abcc80,2358.4825797369986
82e8b66a05618fcf3f83de75309d8dc1,2308.829741500289
e69e961abbdc324130abdb6f6ca73011,2362.281746952655
09fbe2feeb0ee63a5ee76ef9c5a75e11,2245.692453753619
b780e7e2d677f9db61f78013d80553fc,1389.6949788852112
0c88aa1e77966a2cb12dcf78edbb259d,1399.710506386491
06ae9f20b6a3383b06013c9e1b4257d5,1416.4197696132183
51bffd7fc4e45ba2bdab9ee6fb4a707b,1954.1067852638378
8d1ca9ee830419f698d2bafbb7882d89,1815.7731351423463
1946da0a04e12927cf8ff90be2e1c0e4,1990.9775783840516
2c8e90a8f1a9aa71a01c4429c0b9542f,1704.4218366668965
6324739c374a1afb2c681724d4d36578,1636.9953246892142
93ecb0f3fdea60afde10e9a4519c463d,1947.9219279081815
d505b739adcfe9f38a26fef23405837c,2165.2554873144973
8e5d66b0711395de76b01e6b3b89c172,2155.597406867783
f1aef73c9935df28edf3f00d47aaf979,2125.595427485714
e99b25be2fc4a69f1e9cc79ddcb617b9,1696.1190156752316
50963f5a4c34578fdb6b36eabc290e5e,1981.0489405791707
1384256218eec7749f448375b071e839,2102.7456055916214
ef9cdba8d8e6a78a1bf3fe234fa79781,1925.4909077142172
d61a6cfe491130a16a290aaa0a0fccc1,2888.509151543611
1f79cd1f2ac80a4c72bf2ba66b833c2f,2879.591659805812
f369469d2ffd5a75e63569b6f853b266,2517.0253219678902
678303459232472c627788bea740343b,1532.869814948036
0f587d9ad11da5ee9de290c8af6250fd,1566.5875440761474
b6f3afc9aeea8595443641a198a7781f,2574.116836142278
b2678ce6783ac7010f3bd378bc04b3e3,2563.660438564915
5cf32c3026b88809fe0efd3aaafb9adc,2337.216791244031
2458dbc76bfb55a450dc629408511feb,2571.3220298033893
6cd6ee63ee7496fa73a2cdee64e9aec2,2361.723798855837
8ccfcb0cf848c98006b58be3d97c116a,2602.850204493371
cce0beb67aaf8c0a991b544d2761ba5e,1745.0281749382966
b65bec132836c28886b56b912ce91373,1627.1711986737155
c4f0d70637b3ee97c572be27ce1ca016,1617.7645585442528
fc156de86b129ba2aa1056821bfd7524,1604.2152485967517
629b46e2053c56645c48d243188df381,2247.984656228392
20b2ee3d197d29c6166e1c1cccc840a7,2250.393860244703
e654a5706aea4aff8b72a6cc2bdc749e,2231.269465029874
1eb7b2a0ec8913d70c1057acd481fc45,4795.738983071585
e67bc1484a25605662185c3879ad7a4e,4958.867007297955
51f314f9549a05b0be5edf5df565c929,4926.7431971640835
c00018c5eca025208c642aabca361bf3,1295.9361890988198
19d94c442859b81f72fbb785fac8db14,1377.4081012925626
11549e1921fd04fe84f9a9cba24f7acc,1360.7006034956537
b570ce500ece894678e42253bf0c4a69,21850.632184240705
dcc945b728ed57e5b5dd715877ad965a,22028.938983253833
819ee3b31fc0c8d4787c7dcf97e0de95,22253.557822460643
9d9a1be1d27a3c0e980ab0a987389271,2639.5183618289643
696c515792f4f03f012f563b44826021,2109.4089405678114
874b13929fdbae7ab6e7b41d213f8498,1973.0075114853314
5f3f917d8c1dc0a25bcaaa77c12afb78,1573.946234090206
d05d04fae1186b514cedc3fec006ee46,1538.0033646217692
082de811fb06713034bb042e27db2738,1515.8896419340442
51e3a34200a19ab467a21e7230461cbf,3923.2240106726586
385e6ec0d0e272fc01f739a75957c13e,3668.4391062189306
db2609b6fccfa9d1026c72b1cb499ace,3917.049802719164
1630cf1266134dab3cb9e983bdf6ff88,1846.8206644214579
191f4c2ec7e3a34eb3d18ffc0a129907,1850.8578969451626
abd80fb6f8fcb1e35b2abdcf60c9dab5,1815.4154152850185
c5d365b0f2f621e7903bd5bca3424610,1900.1506671216464
08a9a0c1863bee48afe057f9fb91f3f9,1911.2731501786534
62fc6cffb50a58c6687b7405b84ad18d,1920.4335020095705
163eaa239f617a51d5ee684a34d0468a,1964.7715529568302
372102523d32465e8f1c69ba5b8363a9,1940.7552488663446
84c24bd45310d798a43f350812373386,1727.0246506169929
a3fa3108373327b44780775187e6351f,1884.3920441604166
f4709e5f221e05173109138e288fbe18,1857.01273701398
e8a0d19af17c514997d2a8c344411398,1892.2111769725602
e3853016e86491a66168ca05539bfa41,1850.4242362147022
94fa95383bfa53ccd8a3132e03773986,1903.6960269831218
f83f6bb3c62814f2c2554f5b9f05b50f,1229.5403943641768
56cb846eb4e91a3a905d2290b6885d4f,1120.112964025699
2912022cd047c26e0780e62ce880865a,1699.8653015189727
05eb5ffe9c61ceb1ed2d73cfb71519a6,1698.435986350577
ecd8584790d8b299238a91d99de58af2,1677.8155985185306
1034183134b7110025d81ab2137061b7,1644.8738218021867
28ad3778af4b05bab6352eae2d79fc7a,2484.088487774461
020d6c71c143895f5faecd17a21cc16b,2539.0364235575753
63e554544fcd4117ced7ee644cf2be13,2419.9446769726733
c274322e1ea471422b283554ad27c1e8,3379.390819565249
7829add16c70a68ff3d344ff0d5dbba2,3463.1579735181635
e1469b7100c88604171ce11f4712f73f,3487.286377297749
2a703256383ce154c14b02413a2d79d8,2107.660112161097
f42db56088c397bf01312713c7f7ece9,2207.6876941621704
075d57aac62a803c25ed3df2fa4cb8b2,2198.8637670666258
e4a10011fe15c29aeafea9a45f89599e,2616.629350392836
7958b13f77c845c4068661a591ea4acb,2637.9263506258967
c67e49abc73f60ca11bca60777914c50,2529.6078691217463
6ba8410e8b87255a845059323251e232,2202.3689005746846
dbcaf078938494e335a5c7f669114eb2,1556.5256222735013
69484bc2a0dc6dfb2a486fbd987cdb36,1550.0079672055515
3f4ca61ed732203cf02f321fb6372516,1573.9867493377117
86661257c97431e2a270d340ac33c223,7917.963820910214
0a73b2be2a86e6fd8a6d91eb85cd279e,893.113190899324
c1c7cc8cbbd73b0e7767be0186e484da,899.1986259400161
d3019da8f176cef41e9eeda4ad5b9845,931.5015313828039
23ea8f1f1336ac01c0e87243a2b7c692,1399.0412987157924
f77f0d53c33bdf108251a1b950694d2d,1420.4677164431055
f3643021a5a883fdea393e035e01efd8,1423.1021541374607
05b272319b66be3e374d8cb7202aa0fa,838.9390191042637
7f4d66b67843a8da6d49f6ace0999747,842.846777595866
54e61a4bf551e9a71f41f9b6961145b1,856.0961963435338
7db5aa3de2b7d973d1a0cd606c23e233,1419.902571847852
1666665e4603522084fe284c6c4b8e96,1405.1162075613374
18c064dabefb7215dc5fa2116956a10e,1431.5660976802415
b7e18296dd5cc7d7b1ed718ca2aae197,3050.767555075246
550abbf00ca7e6f9544f23026debe7c0,3696.4367774797734
ff8ceae5cce4486e7a07c4131233367e,3213.0648357154905
5e0d44ab44e5857c9611182c2b183175,1689.8079021312906
5e5dc3f8e329535252482ccfa458cf2c,1710.850355882644
d6d146e0bc20e49d9649767f38b7f9a9,1665.563274881823
d0449aa41c3f65dcfaef2a091ceb574d,1397.7498377065629
a6dd1f0ecf3281f7d4071c0558d4a136,1306.8968873937777
db751c8060518b023e049863298ca734,1300.2840312685678
ba0a163f5567cd1401d014a9d6844ecf,1772.2870489965678
a2937062d01dd000ea1571c1440c9f59,1778.7654571868823
e05e943a25d6b9a6c5470fce5ec87296,1780.9093605151518
0c121093aaad95f0e93556c92786ead9,2005.1910613328157
11aac7e705fb213ce138e633cb13ad49,2035.5816957811307
51467e186c81ff80b03c122127306b23,1988.838475002168
20992c6cfe219797d3f3736972996233,1850.4778048654875
5cbf5e4355d990fd0d277d72f4def708,1817.6785885985594
bba7cd2d89c16d63c5442af2240e3faf,1734.7596890039904
cea960ee45e28f870e2e66508407b4e7,1159.489099239798
1d10148cefb12308942fe8fa94d105b1,1143.947436491671
619f14ebc669e516baa3e50046a69c26,1122.6215455441563
dcd0fc803fb8d98cd2fb5d5042794ffb,2477.6051197160245
47138557a18eec61366b632779ce56bf,2491.0937786518516
20c383ae62eb6a5487203a8b9a348d47,2504.98699961084
c54a96b8d7752ba4caaf47074371cdc8,4369.998483487654
f2479efb93da46afb701dbd8f0f4cd94,4214.180542283813
a83dac1cf9ce517163403733f2de94d1,4043.948601588614
a63e85cd19edf5ec5c7b1d8944adc6ed,1130.5070481988005
706554da8930b66d77943ae90f95ea16,1207.8893893710526
2bca6a9fe81f970cba2f38425b49c78d,1177.928531703252
8b5a25799c131c011ff8105b55626b19,1828.0120363871954
c344ea8028146ad355c21f8a170fe992,2006.0323063946214
4c3232e71d4c1178605535bb3ef0a5c8,1700.8592396013437
d4ca231b8c269393ef537884fd6c63b8,3273.1303413028845
eb36ae6009fc2422a9cfdbe32bcefb1c,3226.8134079148704
b21cb969952c698191969f85b19381a8,3183.905096662018
41ae90efe0b19f4625ede3de5dfc98ba,1181.8892123775913
cbc3192a1c58c41ea6479c10e7f27ad6,1178.0568480767495
59d672fa4ad3c1784274ee40291d8b3f,1218.4059930325968
d4290e6a5147fce05bff11882cdeccf1,1354.549089396611
a45d8717c3d604c42e05bd074f49ea0e,1528.7893530007238
6c83f307ff64a1301c150000b75f006e,1546.7590208455374
ecdb1bf31af5acea37778cde211dee75,1346.7530475049027
6e41a5287a405bc3ab0e102546389b16,3264.999327988936
59e09e230a1332e500a08d8655d53adc,3279.2602350976563
e4e3eeb8661fb8c4c1c88de82e514065,3212.3690715215635
807cdb0e60aad556f9518c96dd20fa6b,2179.8198136765236
bdb6d4c42121c98a4f38dfdc3aa71f43,1946.1622669025103
91229013295db29258bbd86ef6a5ed3f,1949.786529519239
f9343f3115d7d6cd2333ecc387604072,1773.1295827881231
03f1f8a62fc41a965d1149e95b89d02a,647.2049495468509
6b641664d762bb10fe4c146fd9b0a198,1720.5191464410805
d93be45d610780fa884a010581814e88,1798.4820523443825
af5ecca95e01ce8fa373b40dfeee3eb4,1775.231879768482
98e98520403e5f0da1f9c48fd205f7ed,1241.3843233133243
392a6585aa2bab0ec58788604c85ceb3,1218.8486991311665
286af4223a0533f7d447e706bfc8752b,1240.5382510881782
98cc27119af61eef9f0d1e29c96f4905,2052.723196486117
a2b38da5a53c5249eed017d4dc5beed5,1972.1323146543818
d357e6f9b848061b1be22d12fe68fe3b,2013.4529175634432
47c5a12f7f39047f5f0164fad595746b,3750.641259509238
647254f8846acc88b536ed942affefaf,2800.6418337470354
63efc421217f17f8357b4b9c6fee1d1f,3805.4117341294454
6f9c5a41210bdd0040af600a5445afbe,1761.080527967585
257a847a31031c376fefc22aebd059f1,1793.4678433023678
ddf2bc781602405ccf0b2395d9b4ab20,1753.9382130569295
f3ea245af96ad56c1776bcf9e71ddb2d,2956.333655385834
f46d9eb533f7b7f804d2f653adce1481,2879.5297571704896
6906f2a4d8d690de9bba7713f64dcce5,2777.0244371991266
20c610ce80dc399b85f203ef0b76c4e2,1131.0280003900466
e221a8178b95ea66b3f86bb5693c040f,1041.239095438273
899446bb50576c2ed582b50fdec1f0ea,1089.7927677264395
8814314529545fa7aa9b358e97d8eba7,1992.7239570442116
8f7a044331fe661c9896f17e59cc5ef9,1997.8066915193565
688a1da34fa254257a714110330f1498,1912.260913186451
6dfafbb4f1577a4d4e2a26d8f90b44cd,1912.6699078019103
7bcf8d3b680be3e5eb2288b979388ca5,1925.8654308445152
032d0d66473746554fdd83fbe1bd2455,2158.043896397529
91323cc805a44ddcf46418865a2f00d2,2201.183028519578
48ca09a137d81c4e4ecf9e3f4c27ed41,2239.669749236622
6a8ee01a5c7902efa5bb5d1100c727bb,1451.156136549927
748e1d6dd97d260060f3e40477cbcbea,2571.941724049282
2713dbdd031464f60ca685c6534c40ec,2544.821168539791
3d1bced6a4a5ce97cc7a99da32a57fd4,2561.1621089168716
7fffad8f63a9aab7fe8f4dd57eceb970,1538.9387359821187
8916ad47cc4bf9140188b0074c51a182,1551.483732945234
d96aaf940360fff8249a247d992ce4aa,1554.9387500720031
07c31f0045ff9cb72f81565a0464fd11,2386.490824714345
972705203460cf7fb01449fbd71f3fe5,5642.5895445168335
8b20b9159e02b8b082158d014a71c2d5,5570.047501637069
5d33c3434a65fa63fbf0025d1003ba0e,5524.2809374264725
fb1a0450115a722c96f7686e437dae1b,1286.717906237511
9ee0f122a9c801d94747a1f29c56e4e7,1269.6904795978564
84431a32e3dd5801a7228dd2601791dc,1254.1031483993338
fefeaca8ef5664f3dd34e91ee8951df1,1761.0657470082508
45ec7f63d677641c88298fd37ecfb747,2139.5677025418972
d1f94961f635f199bc42af455784a280,2126.4759797421116
abb184f67c37b85f843ff0893bbcb597,2169.3446355831557
3a05f748de115c514a8e0d2ed44f432c,1304.5814140807638
4dc565ca05524d6b6051622ab609b74e,987.4528542950084
b0f1dc27b64468712457520e85867211,984.4336604987805
b4e8c167d89b315af699bbd35a8b5580,2000.0674489768296
f07f6a4d21c2548ffe465aac7162e0c1,2024.579104307008
5078aa69206061afafa0a03378fea1b8,1989.8769053229832
a7920008b3db0bd984df8bd61306cb49,2237.0241212505416
d6e36ca1d2aa27a50fb000a2b4af1810,2304.6696081611844
b2909bbd740d70b35464599fa74222bf,2532.0418842947092
4d9e9761db8b4d893062c7debebb15c1,1464.483588469969
1435c6cfd27b5dde3a8ddcfd04bab786,1304.0726508070509
62b229e39b2c74e0fcad6046ab64911b,1450.7411546841533
dcc94eeeb579c55bc2d53111f12107d8,5218.489190970297
65dfb54836e328213926e6fec749b2ae,5090.428296244077
c27a2830129edf716466d7d3fc18bf61,1135.2046265084027
dacf8334ff159a69aac217e4216a52e0,1099.2584706921875
ac1c4e8eeed1a894ad44140c36b6f968,1092.0614026936485
646d50f08cdbe1bf4aaeb3dac469a701,31703564.284773998
3829936f69b32e65be45a113980694ff,33575442.67696156
0a9ac1b0910f586ca54e0e0553bb60d6,1816.6758986330403
79f440bfca58b7918fe041a0d4bcabf5,1714.3666300255022
f5be2693b7747e87fb6c9c1ccf15099d,1623.166621856043
1cc90b27f8d5f083def1596f9015787f,1444.979058997256
4d8f2dcef0bf4794a997aed259124abb,1366.505114075052
de97739ef84eea22a2efaae7600511fc,1293.3646710840978
c258db7395774a60473fbf6be0250ff6,1440.9114133261278
9eaf0241d568ea6ce3c1fe7a584f7bcd,1465.5855125065823
9f56e8b3d0c251096443cf705639aa3d,1498.4346468939611
ed8b5e3b8b46f6b6abe01df117ef32ca,2064.5870790013114
0fb007cfb61034484d73525b9f63aa89,2050.706029845023
b3374dc37f31011d042d98ba20792ed4,2028.6440413529367
89134a9e9aec750c01ea813292209deb,1143.9236584068772
a4304089223300c6a401d01a0e741ce8,1561.9893151083027
ab6050d43828ca249cef9a89f92f77cb,1511.0412715136358
4f7a582a3ee949b9e4c5cc0da827c82e,2311.8553396890966
530f425fc8d9936c5cbe12af0f2cea1d,2292.4984549846185
b591a239140cc45ccd6746af23fb55d8,1720.5966685524934
84dd04a80d67740613eb5f6b38033eec,1490.5962207860587
0e94ee0fafe89957258988e933efa336,2520.805022193188
c5f1c7725006a24cf59aef6396422953,2285.0813976165146
3523de7f1cc348e91e6921d72bb00388,2232.724093660976
7111ade483e44743a1704384facff5c8,425.79560290366743
a49a220d04e3dad4d49597d94d893b29,421.1756889553446
b38497dab83e9a9b0650d0f6e3c832d5,400.55835720172917
b3397bc2fd07f4f2c31366dc0ff95ff8,1813.06866772158
60f8709f76fa9177caebf19013f1e51f,929.2148676431935
059e4b92d8565eedd9cb86ca37f90007,790.6813320242748
1a230c79137b5b1d210b542edfba7029,776.4016354599682
e9c14d8be726d51e3efa7f1fd78c2b5c,931.5262191266229
960302ce39a3ca42e4c75c62c7ed8436,1026.0393305598714
82bb02ab8ae4e9f33529aeea84440831,1041.2599339335243
3589c945037272b5c7bfdad9447345b6,1302.2848782160804
9ec3806d4def392f310ee86fd7a5c00a,1301.1934720544957
af4ff3bfaf2c91195b66b8055f01ba89,1431.673165381632
b6333584fb343768fa5c4b6cdd5697cd,1922.7813122692726
00d11f268fea0a46aae5cd13d3222f9b,1937.5467162647578
22dbe98c12943ac2347059f822f29960,1959.6285161150045
170087390eb7ed958f14f3d063453aaf,2179.7168976121943
27d978452ad6e542fe9b4b2d90b6564a,2261.745027673581
15378cc9d8136094a9810320e35294df,2267.2699188402585
ca2d38ff2ea06c7194ebd461fdbc08fa,1619.1881627083667
425e34017189cc30b01b7c7fe6f8f699,1603.9421501311306
56d58c9d21e2603ee0981e59d4005e73,1577.8990048647934
043134ad49096e1fb52a784a57508ec7,25444.18125672747
df13a7b8aae7ffd00dbe71fc0969e165,25716.49385494539
52fcded626e62563d4010e50b048b126,25549.542193701935
007e174b23c78ca907f15be99712a2b7,1688.9566864371247
134b06680d57b141cd41b2f2a135e50b,1545.3327560050852
8975d94a82f6fad139acd35972d4a1f9,1652.949357563335
0a7e72c0d62373e60fc4a0a82d8c287f,1649.217713543344
ec312a6f1da8ef898706719cee15a163,1642.2655359854639
adccca3a6bdd8acd1636f158e768dc4e,1633.4499025964326
bf2e1221c906a150cf0f76e140aef4d6,2429.1067520154143
222cf54e8fa7dcc987022ecd305fb3bc,2443.8802509212082
9d625954645648e4544212a5b5c9b70f,2414.5637826681145
c4b4e118a7639231462f386e15e14f0c,1095.5756543323077
5b8eac3be14e61ce9eea064fc0facb8c,1031.1126911364881
fb3a2477b657a31d39f67239ef4e00a2,2851.5094791618553
87bd44c48251d1c3b679cf27a03716fd,2731.961757662126
f55de201041775ca4c406da0b1197d71,287.34891965853416
4868f976a86925e8160e5c63de0e1a3b,292.63151114277844
3308378b24678bd4196775363fa51500,294.42581426973527
d73594dff69787e65c7adab18fa541c6,2085.3002161477707
04ec5bd2db5a252ab4ff9af9a81994e8,2096.0013617250247
65fbbf0f09212a4534b27c5a0f39d291,1965.125832202726
a70207a6340f6f5224a32b66198e4507,1751.4947086843933
e1e4ec6c6e68e1332ba0d262b17b7393,1753.7745557067976
a3b5191d540d1001bc4b9cdf32e52f56,709.514459435395
23c0d3b5268cc5cdc01e7672d01811ae,628.1490620376281
3f6d2f950944dad79d2c3befbd86a353,603.0276696567315
df9e7f4210188b0bcbe9097555a008f2,449.98190583441783
fbd1bf0d85cae8b7f3227bcf38d6435b,446.88217307583926
a81dd8bee68c1359acbb100117607437,441.6382073593843
3fcb657139cdafdfd348d977542303c3,1059.987404551425
448a96af9a2f223aa4cec45e884b8383,184.11581364108582
fbae5e971bf9fe285a7e2a24738cc987,362.4106299834468
d5a4f125ed2c77485419c13e4523b253,361.959369207782
4afa4b68ed464f34a763d1908cd52a21,1393.2573200480706
3dc48b11ed8550733c921568194f7fdc,179.37297446786977
4038eeb462c292d3ebf2127680f7192b,181.37329931449938
103d0026effce324a0273efb6d2e721d,157.2973967397368
d3a6556ea4a4c9a20c837e4b97d0cee6,303.4815532210582
ae84c4b374103c6e664005792542029a,302.79579653800886
85a2ea107a0973a4842778c169c743b0,201.86905731173104
23116fd58f51950628081a9246d94cb9,5513.113597140175
fa4419eeeb41b6f3c811bc4020b093c9,5344.11430985007
bdde8a987dfd0b75ea8a24cd811ff9ee,1395.6382748497656
66c59891f42a83947ad35ebe4da9cdaa,1527.9366995913247
e4ccbf98088b7ce6220632eb9c4d5e85,1536.192711732241
cc55b4127a8e8e7d97cefe66d4046113,326.594453552779
5c736e2e38e7dd27464fd84e547499a4,328.5550745547202
da6bbc17d2c9e0103dd5f831e1d1fe92,326.01385533885866
547e6c38eb0924798d3ffc16898df62e,703.0080748807669
5868cd157996b27e877f979403952c3e,624.2595431794514
0f256b6dd6ce64a9f494b48a01e1d0da,606.416530222333
a2b902836df9d3035b34e098dbd12655,1074.644749110347
cbf7327e7117281c20d863ad9af7595b,1065.9070371398575
4a17691badb688b936bb568505fb1a66,1096.980422470122
f4c38fd0e022db149f7457eb652a4f47,1078.8195665554683
02b9d078ef9f740097ea6c9206fffdd7,1066.1976917576972
717d20b61338cf9e11e49002c1c587d4,10962.730481539144
48856cb74c4975bc1c0eee0ddf2bdd25,11030.201174254327
82c19688618725f0a1871f60f68a4fd1,11570.726750380396
500593db68734a5dcb91a74af9a5ba91,1160.8575669126283
8d74973668d561d30d0772d22c2046e7,1163.252175775558
a78b323b437aff82f9ac35bb139ce889,1115.4967474168425
7daf3b3ecc83803c31c1196646fcef5b,2077.2900862146685
2862d871d7fef0cab7805857a293694a,907.7791191282984
09669a606c5a5165e9824eee890cf8df,913.8500843928031
40c5f7fdf1548c72951baab01505e5a6,800.3569812623064
2a98db2286a69a2501fd10f18208d863,3281.711270342878
799f97cb08ba5c600b237b68430db415,3381.784964401291
6e8133397d9ec320e937aa4c3f74b9f2,3303.7487827971395
ff94f4e3efae2ede703e1a2b61f3b946,812.6666966162675
7152bc6c39567f4acacc706373cc4129,12485.364188603797
a7c7498e020254b87468ab1e2677aa74,12217.460389324631
2cbc0268a31214182bb192f21c35f414,12171.042115797874
29181f5da98708e2cdf947f93f5635b4,94.84530255098768
e61a8596e4a9ea60640f8e86da40821f,91.7409901969503
37841b9d59b4b48761f77a6bd9932769,88.42758943909612
77009064fac2a4565ca8b5d945ed1082,902.259092896405
268df4015cd113a2dfa5e90a711e500f,895.2976582113517
15517f305649546111ccc5c034da18b3,895.9071109421211
9dae21dc25ca5d0491691ec1f0a1d649,4957.738162829221
047cfa58074d264f4e620b9c5eb826e4,4365.98219198305
910f06a7afb13c1d6a98bc5e6b48b37b,4692.126183224966
fad555c6912ce3b54660e67ee3a85c18,6472.572755544722
eda6dcf2fdf9880ab256cdff4008d041,6256.24957208796
f330d4678c2f304753c6569d3fc026ea,6068.2271525821525
afc9ba749298f656d975c32c4d33722b,988.2784778598092
f4aedeeffcf7df3e5e0ef9c6cc913b6d,1027.7269659042488
f0765bae70a21fa3c07ab1b080b26ce2,1136.1588936043186
ef5594c2bc3a8f0bed803e43e9e40c84,1535.206088553025
79d62e48eeae6ecd0d5fab4b811975b3,1540.5086204362683
02c7259cf0ff574379f671c1835c2a34,1521.909946038369
b161efe05b69ec4ef82ab5b0f9f094b7,1185.712476437921
d9e291b90801420e66ba7ab2ecccef58,1819.7470420344494
f7d9c747b29eb4d1a9c29f78a75470ed,1685.1519179112722
a6ce93e82bea54d39c9b712e04460def,1912.2228815349335
3f1d758782e7b520088c51aa14edd6c4,2438.8446084486745
f1200495cb8df9e43c18ed4f41e0c811,2443.9748357742287
941be565bf84565bdc01e25abfadef4c,2415.6946954798505
91a2246ed50ff09f1076c732eb174abc,1243.9095163644247
1250c71d83afe5f2d74942377cae7469,788.133235733814
e56940831665b7615a32c0a78e1c8d09,764.1189230522949
0aa394a001cac939b941ce367170eff1,571.1719555232589
5fd14768a06be3e3e05288183eb862ab,1514.247301163327
1c0788efc96ebc5ff4235b9c9d960f51,1513.5700886104692
a89986efea5c43755fc51e7635c41dd5,1557.9324289891347
3433ca85dbe36196e9e5da5cf445fa59,1979.9838779481984
e7e284913939288b8b096e9f17153e97,1960.2722293440247
c0c8f878897b085172f079684a5c4ddb,1939.6662661003002
fedd37670f1c6a180b89006274195a80,90.6192693640441
c85440d7e62660f77b188ce7736f6120,89.37980948279895
54f9219bec16a91506ebfe63f639c6be,88.29683503094698
31f9a5fd66add8a568bfa49f99c49819,114.44576813142133
61c5ecbf725ca4f779bae3fc4ea246a2,95.42011772049152
8898ae63ca229ffdd6bbd40e18ba750a,99.02888589554249
64653b218e02cd88ef36a5b616f14a63,2546.302093533944
93200377d7496002cb0123ec0f0e50f6,2526.995046299883
203bf9d996831e0ecff4c3e7b8c832de,2489.2741172870374
d67ce0932681b6684d228ecf70e43d5f,5645.99153772403
77a5c31ee8a31d8ee0bc5bf0d1a58450,4941.688028295973
a2817bc6175836fd6be76715aa32257e,4812.737114059289
8c594e22eb0ed01862d78fdbd6389443,816.3499102756002
cbb83a2fcace153dcde9f715436aeaa2,814.8292133572505
673e732c685072f8be7044868b48f350,906.2171749567713
10e41727e4bc812fe9b9c344b3d37274,962.2691439519858
7fe1761e88a09995cf35c2a07852910c,966.0153597690684
d5d43476d3b814697b1fe9d0bcca3f0f,1635.1315139926794
de85150e788a3181c682774d36c1154b,1602.2048457019887
5e6d918305dd7c1602212670831c11af,1579.4224352388246
8ffaa11065d804592774f2dbade20ca0,3432.278593095213
96632d0df904a50ed758d58b1e16087a,3514.0758786210313
2f2d46ce5301d130bb6ad32d5ba06bab,835.074209461065
a6a6dede18c6a4a392cfe6dc0046ebd1,830.4970710238863
9667fe34a0887f19db65d6e7f8a0cf86,832.2802750699308
be2463d7d2287082945ece8386449d42,975.2592409384719
429005a61fad162bb812106c78126ec9,4189.302068651636
e90b884a27893f5e2abbe5ccd0e10721,4116.762096615964
97acc5aec034dd85815e5ac846255a14,4089.7527334615397
12632478030f5f03cd3f901b4f059fe2,1453.9922893141622
b903cfea4902bce46f560e38529fb768,934.8247214099747
f74d87f2ae6fa629d2cc7a5d1f589157,1056.1709561961432
22a881e6c66fee5dd1ea907b501372be,1493.7837910079745
423124c3f4e9bfcf54d3258457d3fb41,1560.3934025513397
f8fb68921cab010bd7e33b4f8f52d480,1540.260560572601
996b35e427e6feea830a1e32b6fd5afa,1498.4175842158554
47270277026a96723c47ae98dcdc1029,1494.4374050033487
7e0a1fa2c690ff8a67c2576ab55efec3,1442.730087085978
a7f0d5c09b10e6abf07510f768e2a4bd,1200.821280730041
8875d3470546a91182afc19279873776,1245.5553227419873
a2fa8f3f183c0a82e7f4b3c7312cbd91,1010.6952115906804
588f91d8a71ea51666be7ae43544f7e1,1078.4779188651787
0836d99232f9b4f3e528be63b46ca3e5,833.622087562924
96a6fe2a88258e38e4079c463b029294,1458.392900659722
9b02b200abe96b6db912b4e2e0cd27a0,1664.4656184158093
c574276467bcb34a5137d0400dac4926,1676.9692181997693
20f8e74b539fcead4c9f2de2532a2695,1699.0862957676236
f6af382442eb4fae004069f4cf49dff9,931.4577098128133
5426dd63339c43343c18db3f559e3d6c,925.9008477054758
7138494ea5bdb4ffefae765a6246de90,1686.9338200151146
fd80b7dc18f8a84c2dadbeb63f75310a,1697.4749025278961
df854bc8797d31f108db17fc2406d20d,1731.1332427707064
0a7858f8cf8c79727191c1cef84f033d,1214.7843480587637
8a32555779cf6194e9eea28f79e151e4,1204.9880631519338
fdd0f0a51eb9c913a043047dec617a8f,1388.7662200107898
64e898ec9ae8ddf6bdd63e16702ef5e0,1903.7492217342817
75744a5ad8c799560ccdb4c1622b4ab2,1506.8638529802608
dcca131c548d13ad045a04cf76485f88,1503.8776869626047
8640929672f4581cc9ca00d0d4ec94d0,976.0921167153936
361c13329c7c1cedf8eea36e56e7bd2e,962.713325187793
2eb0e05e008a75a4772a7ee685ce2428,936.7223401084755
5a17a59b43647d7569400fd2217afc00,1195.8013078058634
f5c92c2ce89f16b895167c52450e6819,1055.878479101836
9fe9e974260483bc4a5b7c0fb6599098,1709.3949105322026
eecaabd723dcd1c31facee87980eb569,1683.056962921753
cd20d4c282311f43428a100392f2e828,163.28281200185606
b6206688b4b67bdd434abcf8baec99bf,166.6371727498354
7df37d9f0e78e7a118955c5b9cc5dbf1,163.71026092110142
710e14f416ede16464d2e2a84606a5cb,833.3418544155037
3986abb3de96e9ec53b417d2e3dcec56,854.8005226387339
36010aac4c0da289501a1ef6263196ae,856.7842769082623
ee0b3a11085da7239ce519ccdc046b4b,940.641683696432
e29afcb8384fd29efaa74ff38bfa0544,1871.767881870015
6ac96b951709bd3d1d2a3b090ff3cd61,1873.681763834032
4c1ed986bb945c3ee9086720300c958f,2092.2812754837178
e83846babf53dbc362951052d8c196ed,1317.652760350731
5804cbbc5178c412df1b812c5845372d,1310.0202917407273
2fd3346ebef19d5b467cf989fdf27118,1308.9191918363406
edfe40e7e63a410ad0cde3fa2d72a5d5,1968.9488259178604
24984d31c3f1de7121e5ed21f49f5785,1964.0099961163023
c20e3ae9771d77dcb4462667ade2624e,1658.2161286387716
8eaa53cbc5951cfa5775d15f5500611e,1612.5098651642927
ae9a8063f8ffe75aff64e83f1180e4ce,1582.2384997538516
3f42e56b3f38e0f7cec66a2d071759ce,122.16382652899574
ad09133a880f5a67f54e3689eb347d31,136.42177995089475
6bda070c528923504de825dc5c7def5a,135.12258443144154
814ef93490f5db783a9606be7d963d78,66.9283553406225
a38b06c9ce5370757b110c9e62963894,45.57285086801179
4c085a1ef20b3b5ee40f7d2d3d9485c6,26.994191914168656
ecaeb5b9fd1470bd094723e966137061,71.89767634774846
a662b0c5fc567be411c7347d40ca1fdd,784.78151174467
24d194027aa0087df0034ce65474fb38,840.0226227568434
5096f6ea2e19dc28c05f99628610f627,869.0405498811313
5bfca46995dec298993a87c5b2a7624f,1404.1537428114132
f6d131674da28d192acc9f2457908609,2079.0803486184836
7d9e930655020f6d62d7144f3a018bb8,2102.379032757233
20c3653e6fdc57c4cfd3db2672fc50a7,1121.9816172101805
bab0f570be6cf02e8196e52dce66bdf8,2822.996013486619
a3b13a5792852e728950da2ddcee4f25,1824.070728835184
ed5df16ba5630f96050e59af07bdfaca,1881.5422008185544
0d37f6e56b690ffbda0517ebc01bae8c,1346.6510144394254
0500c9f11679c018cb7a33175e3b94cf,1258.3314811000932
375f86d133c6029648aef82f1d843a35,1134.4551950857604
de69994ed9a4a70ed2c8a4d04dc02cc5,1708.5282905680406
7dd031108472263b1505163ad478747a,1542.9369934072718
d198357cd3b5083c2d96bde066ca722a,1616.8799315433057
3066f2349a1fd112953df4f5f0fae8c2,2987.974614228927
18b6e7f6cde5a882845844841ccb9176,3028.4111356469944
c6f3792250806864820a93a9018e3f0c,1358.2795842974906
75fbc0c8683bdf461efb643f2013677b,2819.795815650968
b64a63651907640296cb3cf5613b381e,443.10001624320915
d87dd9ce355cefda5d85c767eaa1d7a5,1525.8120310683032
3fba345ef5ad9cfef2eb50d574085683,1483.3449439485646
36a664601c1e70429377609b3667de3c,773.028969678938
e7aeeb503be0dcc099289e773f8feee2,1338.4014684193103
875c2667318d59fdba562b1921adadd7,1913.5169015451352
4ae3aee067ab400f75d2f25f871a474c,1910.5794879122736
dd62c5f4609e818f0f8aa6768cbb0a4a,1923.411278170561
ec51f698b2886f350c72d61c212e3b55,1503.7177878006207
f1d9f185a13d5b7896bb6c9a4232bf6f,1525.996374354709
df37720a0b9711dc2b01aa4e84220928,1501.330942716107
14a34b6a043f5c6c59d37089c9cb8307,1490.9372529351415
4f37a05049bd3b1f4a07cc1d0198d7f7,1526.8230012587262
984ddb15797d5d3ca30233a1df628648,1731.1106442336954
0a53eac81b96859630115a4d68222295,1138.6912836917165
0a052c277b40be1fc36aeb950fa0ea0e,1175.1085478599796
fddc3d58d679d900966599cdfe98aae7,1239.2598455790726
bd762ce4d5e8085f7a84a5aadc68ec54,1436.720791200492
f934b81bd5df849e82ccf9e2b4532c44,1429.3823669227925
0cd33bbe52029070804adac4ee409970,1400.8260948772315
535f16322b9dca6095dac397af5e8a76,997.012763697929
7470ff1a7c86257301a6185dfb92a1ae,1078.163738578473
9845f6785e82858ad96b2272c7146b13,1064.1031878466163
19347011fbb5895559ae6bd7961f886e,1923.8898012517607
10d825e3613bee1b5d4f09ada57e3a36,1895.8481636564934
0d72e8cc744b384308cb1b2c474678cb,1784.3678741563542
15b00c747e9558f37a1dd8f94de99f84,1565.6667564668032
b1747e8c24691303cb8c41dfe2f58ed3,1639.793293574006
053987ce079f8ccca6f949ed3f659acb,1387.9488654471422
441ef26bd76e9eb06eaf18ccfd560562,1371.8519804203443
36a2c69dd55016307a090c7facbdab44,1369.7391843732446
579ec09c755908f7551b48dd9cd67078,3459.094186698757
96d6dcbf9e378fae4d3ddc4dc0c1386c,714.5990158763823
79204322bbf191027b8be8a97d5e95be,739.4572212075499
5847e1aca2030145a8b01f91b402d2d0,1343.8677391389635
5f366f75710563744cb6a5f76db89983,1309.4960601941307
55aef5d746f453a58a9f03ca592fb4bf,1267.5726064237006
d3f18bcbb9c7c1ac24f7d97ce3573cc7,1382.1863298735905
86d18d2dada921b0c095fc2adf3a3da7,992.9273565395343
7fa99678d7bee8e1b941f2e950ac452f,1140.4290366911696
79a7f108ae7e69efd903cfced4e9a349,1131.9224390997251
a9225e7f4f8f6122df85fafaa935bfce,872.4116081123756
1deb8b462a200d7687ecee890183d173,867.4398632442696
ba8f9927084ecd8c57bf81eff9a67a22,854.3147020799244
fcd31038e7881c42068bdcb0a28f8136,3399.4689628441865
69d82a85bd58f941d75ca1c655628464,3769.9781663306535
448362bc307e90ddfd39d0c053aa3d59,3731.996147273861
00ae0af6bfbd048bc70bddc0d96bcf8b,1844.8309264811699
07ed9f33d9ae8f954040e51f71be2c06,1793.8250957523196
8c9c058d22a84a962ccadb59a8bb1bc6,1758.0192517887112
951110babd38d3106c4f6807ae305e27,2216.2787387879443
bdf8baf57941a9c8eed0a032c3506e0e,2195.7203822916304
b05ab4936d6fe5184bdeff432ebd09a7,2252.1430063449516
1cfc2181bd5c8ba34d9c9c19899d24b0,2568.0436252099744
0386e1291632d258fbfad1fa6cdb9f04,4263.58669782022
030ddb61f1843045c189ed70ce7cedf9,1039.6773171207772
73551b6f999878a81d6c212ceab9f3dd,1149.0230618247754
f76662423e197c9a249fc4d2c2356360,1110.5384549600863
986baa72b86ce8a8186d2d71dda200b5,3944.6290236963696
ee6d4f58470ebd61c6663ef902262603,5152.073689342272
e123499f083b023b6be72073220bfc4c,5082.705275780347
8cca466681a3631bc62205506841cfc1,1003.2360097360987
7de29518bdf2dc84304013405eaeb5f0,1015.2391655706728
5c493523943f6467a4f939c5668d695e,1012.0154797780842
606f5babe513185842fd206bffacfd63,1131.0624515736565
d03ff4f0fddddc508859ada04261e088,1097.041202531833
a024e1a091248e94d8eeeded601c7566,1122.7694996871828
8921b7613bdcbb8fe9c8b7787315f661,1097.887561771237
8ae9253700e2c989d5ba490478cf5a34,1961.748460167583
41094ecccea1b5e00329ce1e502e7da7,1502.6505216097719
8e58616444eeaaa941c43ecbcdabcb33,1783.3158935114864
b87e75ec35fc1124f83d130275a56667,1763.4038451643019
ab56a7672bf9d56a266936cdb32f399a,1122.268374595083
cfafc8c1192afc9fd1dc8ea7fc4e3dc7,1351.0693050481473
e7bdfd36193b28ebebdf207e9ee8924f,1103.7764482867588
031b331e4ff49ead5f83328ac9f27ee4,1287.5169525533538
675c3dd1ce5e5632678cda61cdac9d76,1284.8423128823697
5c4ccf642bce7c4e1de20b56405ef020,1256.1136957860394
baef93935444f8ea1f19d0b842341ee2,1657.7628833988636
f4f47abc2312971069696529a94d156f,1581.9810002382033
1d70e7afc34533b0af51461a611aeb0d,1621.6925729598343
f33d6ced02803dd079db030eb287b687,1196.6925459124961
9285c7fa67c7bf5e2d80357aa320aab4,1231.2859410045012
73f24896947032e41b3a1186310ef58f,1206.034591438105
01e0746fd72e3c19aaba97be04547279,1320.5939288948784
d6b9800a0ebd8cf5392f6791ebb944cb,1427.5521191858988
5f7097ff3555b3a780e83ea8e20a5bfe,1426.1761333242255
4836453d0bedb06463916c14f4053f0f,2976.0215200097678
137fb2fb34332df9911ee6786504dc26,1203.4945447844527
f119c62fdb9f8a213e0ed35f2470d587,2438.096221849159
2b4e69898adad20f4da2f161c4f847a7,2232.671727619408
96785237194d9e34f8d48116d269d5f1,2219.1014067499987
fd2a19dd6bf17da1c6e1b2fafb561387,2219.723731893369
8a81ed1a71c4d90d8ea18beaae3c4dea,1469.333865247878
ecd0c0eaa6c012bbeeb7ce0502525c32,2953.217915460645
83aec04475f9fd714f6ed70240c3f06d,2925.688166775049
34d9f1b09b7a9ae26295ced4723bc672,1359.3119108075737
13d5dc30271f1d81b4c5cead950eb5af,1380.5530966388674
935a79e967be997fb1770bfbcc20af87,1148.2553001614374
ac1999a8ed39f9a4f94b67301beee613,1468.4660096667642
341cb77beb6b7ad822045e4af4502814,1365.4925586905567
8d9a003f8fb668201c2e5e23479e0ded,1394.922808245604
b5d5fe407e5c8463caaf6b758f2ce4bc,1301.657617851174
2de2068fe5c786f7b16fdd165a375aa5,1316.510113383657
a8346368e3ace2458554e6c15903024a,1108.4950899430262
967fb7899ebfeb26c680cc1fd62d073b,1204.3597138806947
f41845f0ee4f9e29d1becedb2afb9976,1192.496923132469
3f42585a3bd35b7b18095b7aea74d257,836.0866815746688
5b72b1f36c281281c483f8e39a626c5f,817.8224878788864
b54d3ee1c58026c3e10d8958efd504c7,808.3447850611379
ab24878bec061102d889e88931dea434,1537.3213045507218
89c8dd8c91328d97de25f3d4df8f8f1a,1530.714488769283
6c1f21747d337a0fd89b829cc34e03a4,1340.4240468972673
f27e6ffa0a5fef8f9fa3ca02c0371447,2363.9860477429706
32955bb7fe4ee600347cbe1b7088c422,2365.6486174419624
fd363180fed2c9556597d817a2892653,2303.4342895784475
606263d1ec051f68012568c2ee746f35,3223.7815621231844
929bc70d35b56109fd5169242e469dfe,4972.601908210841
ba5b27465260eeeae14af53f41a12c38,4930.744696836089
1dad71d44c6059fac280d8828dd78cbd,1809.0593059060345
f9dcf9d1f15f58c38beb4a224966c629,1914.3346554334632
fe999f731e5c0c1aa99eb6fc031bf9be,1854.46753801629
1371d32118317d9d60b61d53ff269bb6,2158.552431860779
d72b49e2e0821bd137215c7b95708cac,2239.3634386821177
97844493d236d1a5f1f5e187fac55f7a,2208.6440124257288
d235b7e89dd8be790ecca3e46b3213a3,1459.155165574111
4a8293c7ccd3916b81524f36bf469000,1467.1113344159367
b43e8c4e66bdfd460344525650c939e8,1451.2855804495748
c0bd6837a2141d38099521ce99329c1c,5271.33145545946
864fd0a95872e4a53d2fe2121a605b31,1532.8952979073542
b3fc5d4f5815db452b943431c5dcc2c3,1489.9751817805497
3c181d30eea66aec92498b215e3b260e,1570.9977046755725
8bd75e5319a0c8e527cb8c8bd783b67f,1565.4418439520855
58532bd0649330ac46e93ef81f2aa310,1204.8254520999992
0f3c0ca278f17132b9b04263ba7159fe,1148.5388354647373
b16ab1bde4eed1895a166d1216952367,1112.4466009217988
c76a132aeca720edf49ed992a3f37fd1,904.6081948733599
b3fd49899a6ab8a945194f8b89678d87,894.4274426375487
615321b5ade49f52e06c46f2c06a2857,887.9535915011506
9f7c9cedaebae571c5b1d2c4816d298c,7546.158527735185
bf287ee0eba9baadc2f6be0fb90ddd8b,7560.772391348952
6d6ebeefc314c5c2c67cd8ee6f8a7e39,7601.178709296068
605726453d9bf2909615a0beb007dd92,2242.0071552390928
b5b1f8f3dbf4f31831d014c544355a00,1875.7867355924943
8a3b88c909f4b006372d09886199b35e,2241.4170078993407
86ff945cdb2f9c54359abc9a15817d8b,1859.9383281364621
aa8e8467868233218ab284fcfb4fd129,1602.6188203314925
8fc8bd4cae2da7a9a3bdddaa3cb2aa9e,1589.512195746324
0193554365f09581f622396eef8a088c,1643.5953151664476
3d48397575068f9fe76c46fa2dc16c52,1185.7755683752334
c17fc8024b1da10d199adceff8fdaec1,1191.1929773275247
584538e886a1b6204f1f511827e9f4ba,6578.307335458946
22b59040c04751ce1d0f70768cad619d,6509.995265671484
2ce34607f928a437eec1a0b8b2b9a939,6039.734850399241
256f8f726d6f7c860f93a142558c940a,1189.042031866917
22a0ccb491f2768258cfdb66932e84a8,1178.805451159005
d8a018fa0fb246b58f104b55ac652f70,1745.851280586732
9534a0331cab3cf1151d37a460f1ca3a,1658.1072466696437
48514258fc47cf350c1bcfface7a00b2,943.9826190838502
a21102ffec871246f6baaeccf603b9c8,926.8612444832451
fd2253c2b3764e966e2f31d21c7a5ce6,920.8944139213888
d5f8ce2851848932e1621d767d2e6a36,917.4997023707208
69f2bdd1bfe84b00a17f6c6d3164dfaa,902.118883520492
c99474e33ed3072b8796e26d2cc959f9,633.3328105988367
f9e52f63c0fb34f045585c718371ccac,2009.9505290255527
d735def9b8a2b3e00ee2e5750b82be47,2026.9594427993502
4f963840ae61ada8e802644e8aa27007,2066.631330840347
171d23faadee9bbef0ead75a87b0787c,2251.6277043429636
dc1ccd00eca18a64ed0611bb3bd5065a,1421.9902585759328
6b1258f0e78b15b0720650fd64a30ffc,1418.9463303588134
c4c61d69c51038389ecab0694e5deb97,1408.0791041129646
8f998e546184ce12755ddff079d01270,805.6667643385931
816b8143c0a98091cdee4e0fe919790b,796.2930489370618
e71f82c98f4b35efbcf456f4128824e5,2258.212613898745
ba96c0ffa740de5352c56c43f7e40b06,1385.6001851972699
14a6e06c104103f8295ae4ed620dbd44,1364.433248878349
dc73242a9d2667699f78bd4aca74f3f1,1428.5902642343729
818b8fae524e413b371825ccefa045fe,1467.1861220259404
8cdadc5b18f18b261853f508a3ecaa40,1474.4509468122087
531e03e377e4fd616f1e900a7b5a65c8,1457.7463449904228
16ac94bd62f203b4d456ff3fac618b81,3218.0948384224944
c8dfbb7c014611ceb8f2515220013b56,3073.5889908055087
766476ac14b135a65dc686a33e2bddd2,3059.0674992606423
04f5ac635ce2a9902abe57b0b0264cf4,1010.4414904459541
db317d63e9d0d38b36cfb765812b2e32,1007.1656380091675
52af4c1815b0f561908e733c55d21f6c,2904.0087041038787
e0e4514d24c1989e4a482540f9838ba3,2675.5937548877696
98087ec4ef3ead84f21742e6a9dd3cbd,2291.545203001265
a6228b8bb488d97799f675dcf3272759,397.30722312680547
23041e269f710946b7713c3eee3492c4,393.9069173929909
12c060982af96cb219e682d47cd1e4d9,393.75596706534077
b0b1a8105b19022bb182ae9d437163c7,553.3921815305335
b3cd9735d6d37f6331a63c312271504e,474.34011720466225
0facc442b55ebed4465628acbfe01049,539.5200000082018
b49786096e14606bd7944f2c47d92669,433.2890254896376
3b4ef021a804c17bd0f62c79b1e1109f,367.0593613575646
13f304d12760bcea4a77ea3f0ddb7100,399.1398984922642
9f73acb280dc1b894eda53bf8f33ae14,1129.4964814455718
95792d8b7e3d0cf81de67c4d172b1c5e,1159.7430665753402
1ca18b5bdd96f4650a370f4538ce25b1,2214.2266270701343
ce1f11646a9221b70c09bce2f518a370,2209.058576799073
f66f2f9fda95adb3a4961143cb1f6872,2188.8341036478955
360949417a0f9b83e3e08f4f0765e35a,2047.3948659998334
4971a345745882855ee40923ef1a767e,2058.525688388916
23576646b70b277b5491d9080a4e7491,2038.090048412093
38902ccd76c9d5e1ecb20dcff5a72953,1204.6082555961027
fa18ba7fe0a6589ec6719b0ad8081a7c,1173.4162004343978
63cb1d39e85678528f12c106d7f35e61,1157.4155996863033
ae31933c965401f98bd4ab3216ca83cd,789.7598121045678
80870d37376f9b935559fd9f56fab733,774.4379218676478
41a6ee50921a1d218bdc241218a98868,708.3900433170595
53eb703f5a3a6b280e908379cf21930a,1322.3138081510835
a1ad081a66f78c8253a7b102b3c90a1d,1341.2990638535373
57c7d553297d37faaa3dcd274a119dd2,1271.6167308054562
7e8d915a8fc5566a51f081900d900d9d,2067.1201458621476
a1d2f9a5f7c3847d5cd31871406a9c13,1975.241081293806
e89b9006cd2ff3da75cab98c266b89c9,2091.210982007557
b6537abce137bc743e5da77145253431,3890.9107736620153
4c8c8971fea4b1a5faf883456f4963af,3932.036167539869
babb3c6e327206c73e2b856f8a11aa1c,3871.4646778539227
79f10bff38c205d5267545578cba3050,1223.2463499959995
7f4374b4e64d1d0ecdfe70e22ae66dc4,1185.7607353383548
dce9020b84f6ed38e86cc75af110e46b,1121.1608554044853
57b6d21db46748b329e38544a66371d5,853.8805820288682
c9efdb81353ffced47c85887f0069c85,1157.4685296047885
0e0550e6fa769aa06c32d931c8dd4b72,766.2054714134463
eb3e96ad69be87c94df5f94482da652e,746.5939904287134
0a2ff92d90149f0473fd5439efb6b7dc,753.1397788985297
7790cf09fc01bff1d7602816660b2943,15001.048331196993
03d1b00d6606dad1f596aa0db2090286,12436.132660701094
ea03f1972c3ab94ccf7f1ef118555d6c,12694.776558519156
af91ba0d67f17b1ae78a083886d0fdc0,539.8917552241369
ca72cd0fbe8a82b907323d74ba7cc0a7,535.5046212439212
9fb0b0d76a77c21447b8e5df9811b216,531.6225133813899
3083d60412b5d97721d0e4a8b2c6c5b5,950.9984445045218
2c9cceb3523ac62f8990e88a6bce5c78,870.9169138037694
bbae19fd5e1c496aad680c256955f1a7,777.1521116786842
81f39f770d42ea2d7bd44b51a5139474,505.64300166550146
8e41640d3ffa18532093aa1c64ef5867,343.6062069282078
0ac0cca25944bb82b9285a2c1ee54751,691.7978820563635
704117d237daac446fc6a2c68ec6daab,811.9855589049262
ab29c1eb9dbe9de33399e95fa8406cdd,820.7475019291788
cc94b701d18bbaa5c053e3a28733794f,809.453817009754
20d27caecc2b6c7f981e658b41839b72,982.4206669621349
ab741f04cce10289689a1b56baf5a5b8,969.4321031231308
d3236df469438c9bd35bcdaa4ce30557,1010.32971452184
23cf48bd9cc12030ff3d0a6c83de737d,634.7701506384335
9c42092a4ca0127c462cc5b93046aa1f,1000.5523855748263
216ef57c8a4e7d1a40895a530c9c4f74,1048.4541087726673
1c7d73b717d21d141769df7a530323ed,1041.7115954476521
1cd191a15d0d92a9d6256c92358f7c57,1113.7438090498106
649e4192aab7e5d6553d0a6e120843bd,1121.2795731474514
68f9b63b2e45c559c3402be714ddf57c,1105.834537844407
1f5a28641057937417b1bdd4de390d12,927.5781496067891
95102156b6df8ef7b75bf0dcb7ee85c2,946.2937333772985
1140082cbf4edeb48ab3b015be9a7db1,1206.7831173461839
a091e5af98464d3584d78763b0683f46,232.90152225057955
